Instance	nbAct	nbRes	dist		UB	OS	NC	RF	RS	ConsRS	DR	NFS	AVCARDFS	NFSU	AVCARDFSU
j07.rcp		9	2	1306365		0	2.2	0	0.5	1	0.8	1	0	0		0	0
j3010_10.rcp	32	4	2041260542	0	2.1	0	0.76	1	0.83	1	0	0		0	0
j3010_1.rcp	32	4	722065888	0	2.1	0	0.76	1	0.7	1	0	0		0	0
j3010_2.rcp	32	4	749233152	0	2.1	0	0.76	1	0.77	1	0	0		0	0
j3010_3.rcp	32	4	1813145472	0	2.1	0	0.76	1	0.83	1	0	0		0	0
j3010_4.rcp	32	4	1824084870	0	2.1	0	0.76	1	0.77	1	0	0		0	0
j3010_5.rcp	32	4	1777612888	0	2.1	0	0.76	1	0.97	1	0	0		0	0
j3010_6.rcp	32	4	846590832	0	2.1	0	0.76	1	0.87	1	0	0		0	0
j3010_7.rcp	32	4	845742659	0	2.1	0	0.76	1	0.9	1	0	0		0	0
j3010_8.rcp	32	4	1578917376	0	2.1	0	0.76	1	0.97	1	0	0		0	0
j3010_9.rcp	32	4	1742135040	0	2.1	0	0.76	1	0.73	1	0	0		0	0
j301_10.rcp	32	4	1740082176	0	2.1	0	0.25	1	0.87	1	0	0		0	0
j3011_10.rcp	32	4	2018530584	0	2.1	0	0.76	1	0.9	1	0	0		0	0
j3011_1.rcp	32	4	849435120	0	2.1	0	0.76	1	0.83	1	0	0		0	0
j3011_2.rcp	32	4	1900225008	0	2.1	0	0.76	1	0.73	1	0	0		0	0
j3011_3.rcp	32	4	2028956445	0	2.1	0	0.76	1	0.8	1	0	0		0	0
j3011_4.rcp	32	4	1772041704	0	2.1	0	0.76	1	0.77	1	0	0		0	0
j3011_5.rcp	32	4	1888627801	0	2.1	0	0.76	1	0.83	1	0	0		0	0
j3011_6.rcp	32	4	1707111532	0	2.1	0	0.76	1	0.83	1	0	0		0	0
j3011_7.rcp	32	4	1779877162	0	2.1	0	0.76	1	0.83	1	0	0		0	0
j3011_8.rcp	32	4	1810626048	0	2.1	0	0.76	1	0.87	1	0	0		0	0
j3011_9.rcp	32	4	1575480144	0	2.1	0	0.76	1	0.87	1	0	0		0	0
j301_1.rcp	32	4	758069062	0	2.1	0	0.25	1	0.93	1	0	0		0	0
j3012_10.rcp	32	4	1938679335	0	2.1	0	0.76	1	0.8	1	0	0		0	0
j3012_1.rcp	32	4	2118897792	0	2.1	0	0.76	1	0.87	1	0	0		0	0
j3012_2.rcp	32	4	1829102622	0	2.1	0	0.76	1	0.9	1	0	0		0	0
j3012_3.rcp	32	4	2112684954	0	2.1	0	0.76	1	0.83	1	0	0		0	0
j3012_4.rcp	32	4	1985296267	0	2.1	0	0.76	1	0.93	1	0	0		0	0
j3012_5.rcp	32	4	1955284616	0	2.1	0	0.76	1	0.83	1	0	0		0	0
j3012_6.rcp	32	4	2006851632	0	2.1	0	0.76	1	0.83	1	0	0		0	0
j3012_7.rcp	32	4	2093962284	0	2.1	0	0.76	1	0.87	1	0	0		0	0
j3012_8.rcp	32	4	1528461648	0	2.1	0	0.76	1	0.77	1	0	0		0	0
j3012_9.rcp	32	4	1798492896	0	2.1	0	0.76	1	0.8	1	0	0		0	0
j301_2.rcp	32	4	1747887422	0	2.1	0	0.25	1	0.9	1	0	0		0	0
j3013_10.rcp	32	4	734179248	0	2.1	0	1	1	0.83	1	0	0		0	0
j3013_1.rcp	32	4	1967663716	0	2.1	0	1	1	0.83	1	0	0		0	0
j3013_2.rcp	32	4	727910496	0	2.1	0	1	1	0.93	1	0	0		0	0
j3013_3.rcp	32	4	423841248	0	2.1	0	1	1	0.93	1	0	0		0	0
j3013_4.rcp	32	4	1817811292	0	2.1	0	1	1	0.77	1	0	0		0	0
j3013_5.rcp	32	4	2026634082	0	2.1	0	1	1	0.9	1	0	0		0	0
j3013_6.rcp	32	4	1865483150	0	2.1	0	1	1	0.83	1	0	0		0	0
j3013_7.rcp	32	4	1771435012	0	2.1	0	1	1	0.83	1	0	0		0	0
j3013_8.rcp	32	4	1789351830	0	2.1	0	1	1	0.7	1	0	0		0	0
j3013_9.rcp	32	4	1771380300	0	2.1	0	1	1	0.77	1	0	0		0	0
j301_3.rcp	32	4	1950454082	0	2.1	0	0.25	1	0.8	1	0	0		0	0
j3014_10.rcp	32	4	2039515713	0	2.1	0	1	1	0.87	1	0	0		0	0
j3014_1.rcp	32	4	1733364360	0	2.1	0	1	1	0.87	1	0	0		0	0
j3014_2.rcp	32	4	427182336	0	2.1	0	1	1	0.77	1	0	0		0	0
j3014_3.rcp	32	4	1763380743	0	2.1	0	1	1	0.83	1	0	0		0	0
j3014_4.rcp	32	4	2033787114	0	2.1	0	1	1	0.8	1	0	0		0	0
j3014_5.rcp	32	4	1927420642	0	2.1	0	1	1	1	1	0	0		0	0
j3014_6.rcp	32	4	1910726542	0	2.1	0	1	1	0.87	1	0	0		0	0
j3014_7.rcp	32	4	1747914172	0	2.1	0	1	1	0.83	1	0	0		0	0
j3014_8.rcp	32	4	1780631748	0	2.1	0	1	1	0.8	1	0	0		0	0
j3014_9.rcp	32	4	1765066461	0	2.1	0	1	1	0.8	1	0	0		0	0
j301_4.rcp	32	4	1884529212	0	2.1	0	0.25	1	0.8	1	0	0		0	0
j3015_10.rcp	32	4	806226408	0	2.1	0	1	1	0.83	1	0	0		0	0
j3015_1.rcp	32	4	1606860360	0	2.1	0	1	1	0.8	1	0	0		0	0
j3015_2.rcp	32	4	846620496	0	2.1	0	1	1	0.87	1	0	0		0	0
j3015_3.rcp	32	4	1536304182	0	2.1	0	1	1	0.93	1	0	0		0	0
j3015_4.rcp	32	4	1852014024	0	2.1	0	1	1	0.77	1	0	0		0	0
j3015_5.rcp	32	4	2002950018	0	2.1	0	1	1	0.73	1	0	0		0	0
j3015_6.rcp	32	4	855577728	0	2.1	0	1	1	0.87	1	0	0		0	0
j3015_7.rcp	32	4	2034901440	0	2.1	0	1	1	0.77	1	0	0		0	0
j3015_8.rcp	32	4	1696541832	0	2.1	0	1	1	0.83	1	0	0		0	0
j3015_9.rcp	32	4	704766966	0	2.1	0	1	1	0.87	1	0	0		0	0
j301_5.rcp	32	4	1700954682	0	2.1	0	0.25	1	0.83	1	0	0		0	0
j3016_10.rcp	32	4	1791424452	0	2.1	0	1	1	0.9	1	0	0		0	0
j3016_1.rcp	32	4	1847588824	0	2.1	0	1	1	0.87	1	0	0		0	0
j3016_2.rcp	32	4	706372340	0	2.1	0	1	1	0.83	1	0	0		0	0
j3016_3.rcp	32	4	2031664815	0	2.1	0	1	1	0.8	1	0	0		0	0
j3016_4.rcp	32	4	1810629576	0	2.1	0	1	1	0.83	1	0	0		0	0
j3016_5.rcp	32	4	1896879778	0	2.1	0	1	1	0.83	1	0	0		0	0
j3016_6.rcp	32	4	851587466	0	2.1	0	1	1	0.8	1	0	0		0	0
j3016_7.rcp	32	4	1822383396	0	2.1	0	1	1	0.8	1	0	0		0	0
j3016_8.rcp	32	4	2004005448	0	2.1	0	1	1	1	1	0	0		0	0
j3016_9.rcp	32	4	1761918477	0	2.1	0	1	1	0.83	1	0	0		0	0
j301_6.rcp	32	4	2025713880	0	2.1	0	0.25	1	0.83	1	0	0		0	0
j3017_10.rcp	32	4	1977331149	0	2.1	0	0.25	1	0.8	1	0	0		0	0
j3017_1.rcp	32	4	708240418	0	2.1	0	0.25	1	0.83	1	0	0		0	0
j3017_2.rcp	32	4	2133262143	0	2.1	0	0.25	1	0.93	1	0	0		0	0
j3017_3.rcp	32	4	846526968	0	2.1	0	0.25	1	0.8	1	0	0		0	0
j3017_4.rcp	32	4	2082630676	0	2.1	0	0.25	1	0.87	1	0	0		0	0
j3017_5.rcp	32	4	2050292865	0	2.1	0	0.25	1	0.83	1	0	0		0	0
j3017_6.rcp	32	4	404731467	0	2.1	0	0.25	1	0.8	1	0	0		0	0
j3017_7.rcp	32	4	2087763812	0	2.1	0	0.25	1	0.9	1	0	0		0	0
j3017_8.rcp	32	4	761415969	0	2.1	0	0.25	1	1	1	0	0		0	0
j3017_9.rcp	32	4	1940473584	0	2.1	0	0.25	1	0.9	1	0	0		0	0
j301_7.rcp	32	4	1854296928	0	2.1	0	0.25	1	0.8	1	0	0		0	0
j3018_10.rcp	32	4	391630470	0	2.1	0	0.25	1	0.8	1	0	0		0	0
j3018_1.rcp	32	4	1833473672	0	2.1	0	0.25	1	0.9	1	0	0		0	0
j3018_2.rcp	32	4	1904684544	0	2.1	0	0.25	1	0.8	1	0	0		0	0
j3018_3.rcp	32	4	1794949629	0	2.1	0	0.25	1	0.73	1	0	0		0	0
j3018_4.rcp	32	4	2087763612	0	2.1	0	0.25	1	0.83	1	0	0		0	0
j3018_5.rcp	32	4	1787120100	0	2.1	0	0.25	1	0.9	1	0	0		0	0
j3018_6.rcp	32	4	1771637374	0	2.1	0	0.25	1	0.87	1	0	0		0	0
j3018_7.rcp	32	4	2118698208	0	2.1	0	0.25	1	0.8	1	0	0		0	0
j3018_8.rcp	32	4	2037934512	0	2.1	0	0.25	1	0.93	1	0	0		0	0
j3018_9.rcp	32	4	1608383952	0	2.1	0	0.25	1	0.77	1	0	0		0	0
j301_8.rcp	32	4	366957228	0	2.1	0	0.25	1	0.97	1	0	0		0	0
j3019_10.rcp	32	4	1737360936	0	2.1	0	0.25	1	0.83	1	0	0		0	0
j3019_1.rcp	32	4	745752528	0	2.1	0	0.25	1	0.8	1	0	0		0	0
j3019_2.rcp	32	4	725614848	0	2.1	0	0.25	1	0.9	1	0	0		0	0
j3019_3.rcp	32	4	2144039544	0	2.1	0	0.25	1	0.73	1	0	0		0	0
j3019_4.rcp	32	4	1810663344	0	2.1	0	0.25	1	0.93	1	0	0		0	0
j3019_5.rcp	32	4	719499466	0	2.1	0	0.25	1	0.93	1	0	0		0	0
j3019_6.rcp	32	4	1801986219	0	2.1	0	0.25	1	0.8	1	0	0		0	0
j3019_7.rcp	32	4	1775105062	0	2.1	0	0.25	1	0.9	1	0	0		0	0
j3019_8.rcp	32	4	648705744	0	2.1	0	0.25	1	0.83	1	0	0		0	0
j3019_9.rcp	32	4	362925456	0	2.1	0	0.25	1	0.8	1	0	0		0	0
j301_9.rcp	32	4	794872047	0	2.1	0	0.25	1	1	1	0	0		0	0
j3020_10.rcp	32	4	1677516500	0	2.1	0	0.25	1	0.8	1	0	0		0	0
j3020_1.rcp	32	4	2113328632	0	2.1	0	0.25	1	0.87	1	0	0		0	0
j3020_2.rcp	32	4	751768128	0	2.1	0	0.25	1	0.87	1	0	0		0	0
j3020_3.rcp	32	4	762251847	0	2.1	0	0.25	1	0.73	1	0	0		0	0
j3020_4.rcp	32	4	1942991064	0	2.1	0	0.25	1	0.83	1	0	0		0	0
j3020_5.rcp	32	4	400643364	0	2.1	0	0.25	1	0.8	1	0	0		0	0
j3020_6.rcp	32	4	770999040	0	2.1	0	0.25	1	0.97	1	0	0		0	0
j3020_7.rcp	32	4	643181382	0	2.1	0	0.25	1	0.8	1	0	0		0	0
j3020_8.rcp	32	4	767024640	0	2.1	0	0.25	1	0.83	1	0	0		0	0
j3020_9.rcp	32	4	1868108256	0	2.1	0	0.25	1	0.83	1	0	0		0	0
j302_10.rcp	32	4	1572151684	0	2.1	0	0.25	1	0.9	1	0	0		0	0
j3021_10.rcp	32	4	849888372	0	2.1	0	0.51	1	0.87	1	0	0		0	0
j3021_1.rcp	32	4	2126386227	0	2.1	0	0.51	1	0.9	1	0	0		0	0
j3021_2.rcp	32	4	1773782604	0	2.1	0	0.51	1	0.8	1	0	0		0	0
j3021_3.rcp	32	4	854593800	0	2.1	0	0.51	1	0.73	1	0	0		0	0
j3021_4.rcp	32	4	2122157862	0	2.1	0	0.51	1	0.83	1	0	0		0	0
j3021_5.rcp	32	4	374272875	0	2.1	0	0.51	1	0.83	1	0	0		0	0
j3021_6.rcp	32	4	2004662090	0	2.1	0	0.51	1	0.83	1	0	0		0	0
j3021_7.rcp	32	4	2056941228	0	2.1	0	0.51	1	0.93	1	0	0		0	0
j3021_8.rcp	32	4	1705182791	0	2.1	0	0.51	1	0.7	1	0	0		0	0
j3021_9.rcp	32	4	1758946752	0	2.1	0	0.51	1	0.83	1	0	0		0	0
j302_1.rcp	32	4	784100736	0	2.1	0	0.25	1	0.87	1	0	0		0	0
j3022_10.rcp	32	4	769450908	0	2.1	0	0.51	1	0.77	1	0	0		0	0
j3022_1.rcp	32	4	1786333818	0	2.1	0	0.51	1	0.9	1	0	0		0	0
j3022_2.rcp	32	4	767120554	0	2.1	0	0.51	1	0.93	1	0	0		0	0
j3022_3.rcp	32	4	2144501582	0	2.1	0	0.51	1	0.9	1	0	0		0	0
j3022_4.rcp	32	4	1571959689	0	2.1	0	0.51	1	0.9	1	0	0		0	0
j3022_5.rcp	32	4	1886335776	0	2.1	0	0.51	1	0.83	1	0	0		0	0
j3022_6.rcp	32	4	1952409744	0	2.1	0	0.51	1	0.8	1	0	0		0	0
j3022_7.rcp	32	4	846542016	0	2.1	0	0.51	1	0.87	1	0	0		0	0
j3022_8.rcp	32	4	826372404	0	2.1	0	0.51	1	0.93	1	0	0		0	0
j3022_9.rcp	32	4	852205536	0	2.1	0	0.51	1	0.9	1	0	0		0	0
j302_2.rcp	32	4	1735836477	0	2.1	0	0.25	1	0.97	1	0	0		0	0
j3023_10.rcp	32	4	1742767920	0	2.1	0	0.51	1	0.93	1	0	0		0	0
j3023_1.rcp	32	4	702624216	0	2.1	0	0.51	1	1	1	0	0		0	0
j3023_2.rcp	32	4	360830841	0	2.1	0	0.51	1	0.87	1	0	0		0	0
j3023_3.rcp	32	4	1687741621	0	2.1	0	0.51	1	0.83	1	0	0		0	0
j3023_4.rcp	32	4	1773704026	0	2.1	0	0.51	1	0.87	1	0	0		0	0
j3023_5.rcp	32	4	1856516556	0	2.1	0	0.51	1	0.93	1	0	0		0	0
j3023_6.rcp	32	4	2039389763	0	2.1	0	0.51	1	0.83	1	0	0		0	0
j3023_7.rcp	32	4	1551965184	0	2.1	0	0.51	1	0.87	1	0	0		0	0
j3023_8.rcp	32	4	1763836677	0	2.1	0	0.51	1	0.9	1	0	0		0	0
j3023_9.rcp	32	4	2104685856	0	2.1	0	0.51	1	0.73	1	0	0		0	0
j302_3.rcp	32	4	1799659377	0	2.1	0	0.25	1	0.9	1	0	0		0	0
j3024_10.rcp	32	4	1753385366	0	2.1	0	0.51	1	0.83	1	0	0		0	0
j3024_1.rcp	32	4	1863145944	0	2.1	0	0.51	1	0.87	1	0	0		0	0
j3024_2.rcp	32	4	1670918196	0	2.1	0	0.51	1	0.8	1	0	0		0	0
j3024_3.rcp	32	4	1782032466	0	2.1	0	0.51	1	0.83	1	0	0		0	0
j3024_4.rcp	32	4	629327248	0	2.1	0	0.51	1	0.73	1	0	0		0	0
j3024_5.rcp	32	4	1784601720	0	2.1	0	0.51	1	0.87	1	0	0		0	0
j3024_6.rcp	32	4	1742291180	0	2.1	0	0.51	1	0.9	1	0	0		0	0
j3024_7.rcp	32	4	1952557500	0	2.1	0	0.51	1	0.87	1	0	0		0	0
j3024_8.rcp	32	4	1694821122	0	2.1	0	0.51	1	0.87	1	0	0		0	0
j3024_9.rcp	32	4	1689917643	0	2.1	0	0.51	1	0.8	1	0	0		0	0
j302_4.rcp	32	4	424036752	0	2.1	0	0.25	1	0.8	1	0	0		0	0
j3025_10.rcp	32	4	1903384224	0	2.1	0	0.76	1	0.97	1	0	0		0	0
j3025_1.rcp	32	4	1875298604	0	2.1	0	0.76	1	0.7	1	0	0		0	0
j3025_2.rcp	32	4	1984409448	0	2.1	0	0.76	1	0.87	1	0	0		0	0
j3025_3.rcp	32	4	1855405728	0	2.1	0	0.76	1	0.83	1	0	0		0	0
j3025_4.rcp	32	4	649575936	0	2.1	0	0.76	1	0.73	1	0	0		0	0
j3025_5.rcp	32	4	1898932654	0	2.1	0	0.76	1	0.83	1	0	0		0	0
j3025_6.rcp	32	4	810057744	0	2.1	0	0.76	1	0.9	1	0	0		0	0
j3025_7.rcp	32	4	1950221860	0	2.1	0	0.76	1	0.8	1	0	0		0	0
j3025_8.rcp	32	4	1776218252	0	2.1	0	0.76	1	0.83	1	0	0		0	0
j3025_9.rcp	32	4	721658934	0	2.1	0	0.76	1	0.8	1	0	0		0	0
j302_5.rcp	32	4	1813985424	0	2.1	0	0.25	1	0.8	1	0	0		0	0
j3026_10.rcp	32	4	1670576400	0	2.1	0	0.76	1	0.83	1	0	0		0	0
j3026_1.rcp	32	4	2001234491	0	2.1	0	0.76	1	0.87	1	0	0		0	0
j3026_2.rcp	32	4	1571958184	0	2.1	0	0.76	1	0.83	1	0	0		0	0
j3026_3.rcp	32	4	1523755414	0	2.1	0	0.76	1	0.83	1	0	0		0	0
j3026_4.rcp	32	4	1661621418	0	2.1	0	0.76	1	0.97	1	0	0		0	0
j3026_5.rcp	32	4	1998307584	0	2.1	0	0.76	1	0.83	1	0	0		0	0
j3026_6.rcp	32	4	1775798640	0	2.1	0	0.76	1	0.83	1	0	0		0	0
j3026_7.rcp	32	4	774807432	0	2.1	0	0.76	1	0.87	1	0	0		0	0
j3026_8.rcp	32	4	1646133264	0	2.1	0	0.76	1	0.77	1	0	0		0	0
j3026_9.rcp	32	4	2075731550	0	2.1	0	0.76	1	0.83	1	0	0		0	0
j302_6.rcp	32	4	2022591312	0	2.1	0	0.25	1	0.87	1	0	0		0	0
j3027_10.rcp	32	4	858945180	0	2.1	0	0.76	1	0.83	1	0	0		0	0
j3027_1.rcp	32	4	1934924112	0	2.1	0	0.76	1	0.97	1	0	0		0	0
j3027_2.rcp	32	4	1587255264	0	2.1	0	0.76	1	0.87	1	0	0		0	0
j3027_3.rcp	32	4	1785136354	0	2.1	0	0.76	1	0.97	1	0	0		0	0
j3027_4.rcp	32	4	634895496	0	2.1	0	0.76	1	0.9	1	0	0		0	0
j3027_5.rcp	32	4	1984470201	0	2.1	0	0.76	1	0.8	1	0	0		0	0
j3027_6.rcp	32	4	428306616	0	2.1	0	0.76	1	0.8	1	0	0		0	0
j3027_7.rcp	32	4	1775229332	0	2.1	0	0.76	1	0.7	1	0	0		0	0
j3027_8.rcp	32	4	1860287988	0	2.1	0	0.76	1	0.87	1	0	0		0	0
j3027_9.rcp	32	4	808579584	0	2.1	0	0.76	1	0.87	1	0	0		0	0
j302_7.rcp	32	4	778031306	0	2.1	0	0.25	1	0.9	1	0	0		0	0
j3028_10.rcp	32	4	666810150	0	2.1	0	0.76	1	0.77	1	0	0		0	0
j3028_1.rcp	32	4	1798893216	0	2.1	0	0.76	1	0.9	1	0	0		0	0
j3028_2.rcp	32	4	400028976	0	2.1	0	0.76	1	0.87	1	0	0		0	0
j3028_3.rcp	32	4	781002600	0	2.1	0	0.76	1	0.77	1	0	0		0	0
j3028_4.rcp	32	4	2070638388	0	2.1	0	0.76	1	0.93	1	0	0		0	0
j3028_5.rcp	32	4	1808158912	0	2.1	0	0.76	1	0.93	1	0	0		0	0
j3028_6.rcp	32	4	2128073500	0	2.1	0	0.76	1	0.87	1	0	0		0	0
j3028_7.rcp	32	4	1806936446	0	2.1	0	0.76	1	0.87	1	0	0		0	0
j3028_8.rcp	32	4	718688847	0	2.1	0	0.76	1	0.9	1	0	0		0	0
j3028_9.rcp	32	4	2050017996	0	2.1	0	0.76	1	0.8	1	0	0		0	0
j302_8.rcp	32	4	423271662	0	2.1	0	0.25	1	0.87	1	0	0		0	0
j3029_10.rcp	32	4	1989023094	0	2.1	0	1	1	0.73	1	0	0		0	0
j3029_1.rcp	32	4	1801083393	0	2.1	0	1	1	0.9	1	0	0		0	0
j3029_2.rcp	32	4	1957802400	0	2.1	0	1	1	0.73	1	0	0		0	0
j3029_3.rcp	32	4	850461120	0	2.1	0	1	1	0.7	1	0	0		0	0
j3029_4.rcp	32	4	1845526270	0	2.1	0	1	1	0.97	1	0	0		0	0
j3029_5.rcp	32	4	2055533980	0	2.1	0	1	1	0.93	1	0	0		0	0
j3029_6.rcp	32	4	1768565922	0	2.1	0	1	1	0.9	1	0	0		0	0
j3029_7.rcp	32	4	627448032	0	2.1	0	1	1	0.83	1	0	0		0	0
j3029_8.rcp	32	4	823486863	0	2.1	0	1	1	0.97	1	0	0		0	0
j3029_9.rcp	32	4	1983512916	0	2.1	0	1	1	1	1	0	0		0	0
j302_9.rcp	32	4	1989453446	0	2.1	0	0.25	1	0.83	1	0	0		0	0
j3030_10.rcp	32	4	2106239432	0	2.1	0	1	1	0.93	1	0	0		0	0
j3030_1.rcp	32	4	1726925688	0	2.1	0	1	1	0.83	1	0	0		0	0
j3030_2.rcp	32	4	2078353728	0	2.1	0	1	1	0.87	1	0	0		0	0
j3030_3.rcp	32	4	2014546464	0	2.1	0	1	1	0.83	1	0	0		0	0
j3030_4.rcp	32	4	1848775118	0	2.1	0	1	1	0.77	1	0	0		0	0
j3030_5.rcp	32	4	1744009614	0	2.1	0	1	1	0.87	1	0	0		0	0
j3030_6.rcp	32	4	709373810	0	2.1	0	1	1	0.9	1	0	0		0	0
j3030_7.rcp	32	4	787648662	0	2.1	0	1	1	0.83	1	0	0		0	0
j3030_8.rcp	32	4	850538966	0	2.1	0	1	1	0.87	1	0	0		0	0
j3030_9.rcp	32	4	1565179026	0	2.1	0	1	1	0.83	1	0	0		0	0
j303_10.rcp	32	4	394205898	0	2.1	0	0.25	1	0.77	1	0	0		0	0
j3031_10.rcp	32	4	640941610	0	2.1	0	1	1	0.83	1	0	0		0	0
j3031_1.rcp	32	4	1596397248	0	2.1	0	1	1	0.9	1	0	0		0	0
j3031_2.rcp	32	4	1952770520	0	2.1	0	1	1	0.8	1	0	0		0	0
j3031_3.rcp	32	4	1932338592	0	2.1	0	1	1	0.83	1	0	0		0	0
j3031_4.rcp	32	4	2129487144	0	2.1	0	1	1	0.9	1	0	0		0	0
j3031_5.rcp	32	4	628363008	0	2.1	0	1	1	0.87	1	0	0		0	0
j3031_6.rcp	32	4	2013026372	0	2.1	0	1	1	0.93	1	0	0		0	0
j3031_7.rcp	32	4	2110574121	0	2.1	0	1	1	0.97	1	0	0		0	0
j3031_8.rcp	32	4	387367224	0	2.1	0	1	1	0.97	1	0	0		0	0
j3031_9.rcp	32	4	1812855699	0	2.1	0	1	1	0.8	1	0	0		0	0
j303_1.rcp	32	4	1848249444	0	2.1	0	0.25	1	0.9	1	0	0		0	0
j3032_10.rcp	32	4	393267051	0	2.1	0	1	1	0.87	1	0	0		0	0
j3032_1.rcp	32	4	2112236025	0	2.1	0	1	1	0.83	1	0	0		0	0
j3032_2.rcp	32	4	1878183936	0	2.1	0	1	1	0.77	1	0	0		0	0
j3032_3.rcp	32	4	1800263178	0	2.1	0	1	1	0.77	1	0	0		0	0
j3032_4.rcp	32	4	1713214460	0	2.1	0	1	1	0.97	1	0	0		0	0
j3032_5.rcp	32	4	1891674252	0	2.1	0	1	1	0.83	1	0	0		0	0
j3032_6.rcp	32	4	1694731245	0	2.1	0	1	1	0.77	1	0	0		0	0
j3032_7.rcp	32	4	726779528	0	2.1	0	1	1	0.87	1	0	0		0	0
j3032_8.rcp	32	4	1875045396	0	2.1	0	1	1	0.77	1	0	0		0	0
j3032_9.rcp	32	4	2055453428	0	2.1	0	1	1	1	1	0	0		0	0
j303_2.rcp	32	4	2116597389	0	2.1	0	0.25	1	0.87	1	0	0		0	0
j3033_10.rcp	32	4	1855019502	0	2.1	0	0.25	1	0.77	1	0	0		0	0
j3033_1.rcp	32	4	1652302308	0	2.1	0	0.25	1	0.97	1	0	0		0	0
j3033_2.rcp	32	4	821792559	0	2.1	0	0.25	1	0.83	1	0	0		0	0
j3033_3.rcp	32	4	1816974420	0	2.1	0	0.25	1	0.87	1	0	0		0	0
j3033_4.rcp	32	4	2058515910	0	2.1	0	0.25	1	0.77	1	0	0		0	0
j3033_5.rcp	32	4	1921637639	0	2.1	0	0.25	1	0.77	1	0	0		0	0
j3033_6.rcp	32	4	425326512	0	2.1	0	0.25	1	0.83	1	0	0		0	0
j3033_7.rcp	32	4	2031983016	0	2.1	0	0.25	1	0.9	1	0	0		0	0
j3033_8.rcp	32	4	375676632	0	2.1	0	0.25	1	0.87	1	0	0		0	0
j3033_9.rcp	32	4	1780230288	0	2.1	0	0.25	1	0.9	1	0	0		0	0
j303_3.rcp	32	4	2113753758	0	2.1	0	0.25	1	0.83	1	0	0		0	0
j3034_10.rcp	32	4	2037832106	0	2.1	0	0.25	1	0.9	1	0	0		0	0
j3034_1.rcp	32	4	1956379788	0	2.1	0	0.25	1	0.8	1	0	0		0	0
j3034_2.rcp	32	4	1814903354	0	2.1	0	0.25	1	0.87	1	0	0		0	0
j3034_3.rcp	32	4	1977716076	0	2.1	0	0.25	1	0.8	1	0	0		0	0
j3034_4.rcp	32	4	2118972939	0	2.1	0	0.25	1	0.87	1	0	0		0	0
j3034_5.rcp	32	4	2086421328	0	2.1	0	0.25	1	0.83	1	0	0		0	0
j3034_6.rcp	32	4	714474432	0	2.1	0	0.25	1	0.83	1	0	0		0	0
j3034_7.rcp	32	4	2019005688	0	2.1	0	0.25	1	0.83	1	0	0		0	0
j3034_8.rcp	32	4	706112208	0	2.1	0	0.25	1	0.83	1	0	0		0	0
j3034_9.rcp	32	4	2022300504	0	2.1	0	0.25	1	0.8	1	0	0		0	0
j303_4.rcp	32	4	1882516635	0	2.1	0	0.25	1	0.9	1	0	0		0	0
j3035_10.rcp	32	4	652553451	0	2.1	0	0.25	1	0.73	1	0	0		0	0
j3035_1.rcp	32	4	1812780292	0	2.1	0	0.25	1	0.7	1	0	0		0	0
j3035_2.rcp	32	4	1847904660	0	2.1	0	0.25	1	0.87	1	0	0		0	0
j3035_3.rcp	32	4	2094982607	0	2.1	0	0.25	1	0.73	1	0	0		0	0
j3035_4.rcp	32	4	389254116	0	2.1	0	0.25	1	1	1	0	0		0	0
j3035_5.rcp	32	4	1756878428	0	2.1	0	0.25	1	0.93	1	0	0		0	0
j3035_6.rcp	32	4	1819156968	0	2.1	0	0.25	1	0.83	1	0	0		0	0
j3035_7.rcp	32	4	372770034	0	2.1	0	0.25	1	0.83	1	0	0		0	0
j3035_8.rcp	32	4	824000979	0	2.1	0	0.25	1	0.97	1	0	0		0	0
j3035_9.rcp	32	4	1792990080	0	2.1	0	0.25	1	1	1	0	0		0	0
j303_5.rcp	32	4	1866058340	0	2.1	0	0.25	1	0.83	1	0	0		0	0
j3036_10.rcp	32	4	1952031834	0	2.1	0	0.25	1	0.77	1	0	0		0	0
j3036_1.rcp	32	4	1548325800	0	2.1	0	0.25	1	0.8	1	0	0		0	0
j3036_2.rcp	32	4	423450000	0	2.1	0	0.25	1	0.83	1	0	0		0	0
j3036_3.rcp	32	4	1956543336	0	2.1	0	0.25	1	0.9	1	0	0		0	0
j3036_4.rcp	32	4	721946646	0	2.1	0	0.25	1	0.77	1	0	0		0	0
j3036_5.rcp	32	4	750399552	0	2.1	0	0.25	1	0.97	1	0	0		0	0
j3036_6.rcp	32	4	1941395081	0	2.1	0	0.25	1	0.83	1	0	0		0	0
j3036_7.rcp	32	4	714745095	0	2.1	0	0.25	1	0.77	1	0	0		0	0
j3036_8.rcp	32	4	694686575	0	2.1	0	0.25	1	0.73	1	0	0		0	0
j3036_9.rcp	32	4	1726224372	0	2.1	0	0.25	1	0.83	1	0	0		0	0
j303_6.rcp	32	4	1952973504	0	2.1	0	0.25	1	0.9	1	0	0		0	0
j3037_10.rcp	32	4	642176277	0	2.1	0	0.51	1	0.73	1	0	0		0	0
j3037_1.rcp	32	4	1823758839	0	2.1	0	0.51	1	0.93	1	0	0		0	0
j3037_2.rcp	32	4	2119456116	0	2.1	0	0.51	1	0.8	1	0	0		0	0
j3037_3.rcp	32	4	682079400	0	2.1	0	0.51	1	0.8	1	0	0		0	0
j3037_4.rcp	32	4	2063453144	0	2.1	0	0.51	1	0.87	1	0	0		0	0
j3037_5.rcp	32	4	2036815342	0	2.1	0	0.51	1	0.83	1	0	0		0	0
j3037_6.rcp	32	4	647774856	0	2.1	0	0.51	1	0.8	1	0	0		0	0
j3037_7.rcp	32	4	756309312	0	2.1	0	0.51	1	0.7	1	0	0		0	0
j3037_8.rcp	32	4	1607921784	0	2.1	0	0.51	1	0.9	1	0	0		0	0
j3037_9.rcp	32	4	706558608	0	2.1	0	0.51	1	0.87	1	0	0		0	0
j303_7.rcp	32	4	1890614472	0	2.1	0	0.25	1	0.83	1	0	0		0	0
j3038_10.rcp	32	4	368406144	0	2.1	0	0.51	1	0.83	1	0	0		0	0
j3038_1.rcp	32	4	739219335	0	2.1	0	0.51	1	0.83	1	0	0		0	0
j3038_2.rcp	32	4	1910787102	0	2.1	0	0.51	1	0.87	1	0	0		0	0
j3038_3.rcp	32	4	386405436	0	2.1	0	0.51	1	0.8	1	0	0		0	0
j3038_4.rcp	32	4	1881278784	0	2.1	0	0.51	1	0.83	1	0	0		0	0
j3038_5.rcp	32	4	700959804	0	2.1	0	0.51	1	0.87	1	0	0		0	0
j3038_6.rcp	32	4	1828217808	0	2.1	0	0.51	1	0.9	1	0	0		0	0
j3038_7.rcp	32	4	1572800544	0	2.1	0	0.51	1	0.9	1	0	0		0	0
j3038_8.rcp	32	4	1912419432	0	2.1	0	0.51	1	0.83	1	0	0		0	0
j3038_9.rcp	32	4	1810659348	0	2.1	0	0.51	1	0.83	1	0	0		0	0
j303_8.rcp	32	4	2140296220	0	2.1	0	0.25	1	0.77	1	0	0		0	0
j3039_10.rcp	32	4	1852677126	0	2.1	0	0.51	1	0.83	1	0	0		0	0
j3039_1.rcp	32	4	1687370286	0	2.1	0	0.51	1	0.93	1	0	0		0	0
j3039_2.rcp	32	4	1861094664	0	2.1	0	0.51	1	0.83	1	0	0		0	0
j3039_3.rcp	32	4	708128736	0	2.1	0	0.51	1	0.93	1	0	0		0	0
j3039_4.rcp	32	4	624366588	0	2.1	0	0.51	1	0.8	1	0	0		0	0
j3039_5.rcp	32	4	1921688184	0	2.1	0	0.51	1	0.93	1	0	0		0	0
j3039_6.rcp	32	4	1835883414	0	2.1	0	0.51	1	0.97	1	0	0		0	0
j3039_7.rcp	32	4	1815797592	0	2.1	0	0.51	1	0.77	1	0	0		0	0
j3039_8.rcp	32	4	2124217900	0	2.1	0	0.51	1	0.87	1	0	0		0	0
j3039_9.rcp	32	4	1857315519	0	2.1	0	0.51	1	0.9	1	0	0		0	0
j303_9.rcp	32	4	729047100	0	2.1	0	0.25	1	0.8	1	0	0		0	0
j3040_10.rcp	32	4	688157916	0	2.1	0	0.51	1	0.77	1	0	0		0	0
j3040_1.rcp	32	4	2060780847	0	2.1	0	0.51	1	0.73	1	0	0		0	0
j3040_2.rcp	32	4	701951511	0	2.1	0	0.51	1	0.97	1	0	0		0	0
j3040_3.rcp	32	4	1777616946	0	2.1	0	0.51	1	0.77	1	0	0		0	0
j3040_4.rcp	32	4	1950877872	0	2.1	0	0.51	1	0.8	1	0	0		0	0
j3040_5.rcp	32	4	2104386174	0	2.1	0	0.51	1	0.9	1	0	0		0	0
j3040_6.rcp	32	4	1985581226	0	2.1	0	0.51	1	0.77	1	0	0		0	0
j3040_7.rcp	32	4	1788798855	0	2.1	0	0.51	1	0.83	1	0	0		0	0
j3040_8.rcp	32	4	1907751394	0	2.1	0	0.51	1	0.8	1	0	0		0	0
j3040_9.rcp	32	4	1816951500	0	2.1	0	0.51	1	0.77	1	0	0		0	0
j304_10.rcp	32	4	2114048691	0	2.1	0	0.25	1	0.8	1	0	0		0	0
j3041_10.rcp	32	4	380072994	0	2.1	0	0.76	1	0.9	1	0	0		0	0
j3041_1.rcp	32	4	1532806380	0	2.1	0	0.76	1	0.73	1	0	0		0	0
j3041_2.rcp	32	4	1857424948	0	2.1	0	0.76	1	0.93	1	0	0		0	0
j3041_3.rcp	32	4	1768884068	0	2.1	0	0.76	1	0.87	1	0	0		0	0
j3041_4.rcp	32	4	810438096	0	2.1	0	0.76	1	0.87	1	0	0		0	0
j3041_5.rcp	32	4	1665487104	0	2.1	0	0.76	1	0.83	1	0	0		0	0
j3041_6.rcp	32	4	1997993054	0	2.1	0	0.76	1	0.83	1	0	0		0	0
j3041_7.rcp	32	4	667930104	0	2.1	0	0.76	1	0.73	1	0	0		0	0
j3041_8.rcp	32	4	1797510728	0	2.1	0	0.76	1	0.8	1	0	0		0	0
j3041_9.rcp	32	4	1819634712	0	2.1	0	0.76	1	0.73	1	0	0		0	0
j304_1.rcp	32	4	771761775	0	2.1	0	0.25	1	0.8	1	0	0		0	0
j3042_10.rcp	32	4	1841824288	0	2.1	0	0.76	1	0.87	1	0	0		0	0
j3042_1.rcp	32	4	2060049096	0	2.1	0	0.76	1	0.8	1	0	0		0	0
j3042_2.rcp	32	4	787200784	0	2.1	0	0.76	1	0.93	1	0	0		0	0
j3042_3.rcp	32	4	1837779321	0	2.1	0	0.76	1	0.73	1	0	0		0	0
j3042_4.rcp	32	4	2107357758	0	2.1	0	0.76	1	0.8	1	0	0		0	0
j3042_5.rcp	32	4	2011974552	0	2.1	0	0.76	1	0.87	1	0	0		0	0
j3042_6.rcp	32	4	1773879756	0	2.1	0	0.76	1	0.77	1	0	0		0	0
j3042_7.rcp	32	4	701580006	0	2.1	0	0.76	1	0.9	1	0	0		0	0
j3042_8.rcp	32	4	1661655984	0	2.1	0	0.76	1	0.8	1	0	0		0	0
j3042_9.rcp	32	4	1556643312	0	2.1	0	0.76	1	0.93	1	0	0		0	0
j304_2.rcp	32	4	621473484	0	2.1	0	0.25	1	0.9	1	0	0		0	0
j3043_10.rcp	32	4	1717967250	0	2.1	0	0.76	1	0.8	1	0	0		0	0
j3043_1.rcp	32	4	2022262851	0	2.1	0	0.76	1	0.8	1	0	0		0	0
j3043_2.rcp	32	4	1917844710	0	2.1	0	0.76	1	0.87	1	0	0		0	0
j3043_3.rcp	32	4	2003370921	0	2.1	0	0.76	1	0.9	1	0	0		0	0
j3043_4.rcp	32	4	2012359428	0	2.1	0	0.76	1	0.8	1	0	0		0	0
j3043_5.rcp	32	4	1787879520	0	2.1	0	0.76	1	0.83	1	0	0		0	0
j3043_6.rcp	32	4	2083915170	0	2.1	0	0.76	1	0.8	1	0	0		0	0
j3043_7.rcp	32	4	798387164	0	2.1	0	0.76	1	0.8	1	0	0		0	0
j3043_8.rcp	32	4	848219472	0	2.1	0	0.76	1	0.87	1	0	0		0	0
j3043_9.rcp	32	4	2026880146	0	2.1	0	0.76	1	0.9	1	0	0		0	0
j304_3.rcp	32	4	750321792	0	2.1	0	0.25	1	0.9	1	0	0		0	0
j3044_10.rcp	32	4	2006711382	0	2.1	0	0.76	1	0.8	1	0	0		0	0
j3044_1.rcp	32	4	1837136448	0	2.1	0	0.76	1	0.83	1	0	0		0	0
j3044_2.rcp	32	4	1949046294	0	2.1	0	0.76	1	0.87	1	0	0		0	0
j3044_3.rcp	32	4	1707643647	0	2.1	0	0.76	1	0.83	1	0	0		0	0
j3044_4.rcp	32	4	1989231472	0	2.1	0	0.76	1	0.87	1	0	0		0	0
j3044_5.rcp	32	4	1729490580	0	2.1	0	0.76	1	0.8	1	0	0		0	0
j3044_6.rcp	32	4	2122481046	0	2.1	0	0.76	1	0.97	1	0	0		0	0
j3044_7.rcp	32	4	1767932984	0	2.1	0	0.76	1	0.77	1	0	0		0	0
j3044_8.rcp	32	4	663554097	0	2.1	0	0.76	1	0.87	1	0	0		0	0
j3044_9.rcp	32	4	2050033536	0	2.1	0	0.76	1	0.87	1	0	0		0	0
j304_4.rcp	32	4	1955635866	0	2.1	0	0.25	1	0.9	1	0	0		0	0
j3045_10.rcp	32	4	401041539	0	2.1	0	1	1	0.87	1	0	0		0	0
j3045_1.rcp	32	4	1948790160	0	2.1	0	1	1	0.9	1	0	0		0	0
j3045_2.rcp	32	4	2097096928	0	2.1	0	1	1	0.77	1	0	0		0	0
j3045_3.rcp	32	4	771167691	0	2.1	0	1	1	0.77	1	0	0		0	0
j3045_4.rcp	32	4	2042455014	0	2.1	0	1	1	0.87	1	0	0		0	0
j3045_5.rcp	32	4	1683123618	0	2.1	0	1	1	0.93	1	0	0		0	0
j3045_6.rcp	32	4	1867768858	0	2.1	0	1	1	0.93	1	0	0		0	0
j3045_7.rcp	32	4	1761289488	0	2.1	0	1	1	0.87	1	0	0		0	0
j3045_8.rcp	32	4	1857165578	0	2.1	0	1	1	0.93	1	0	0		0	0
j3045_9.rcp	32	4	1960182018	0	2.1	0	1	1	0.8	1	0	0		0	0
j304_5.rcp	32	4	1984096218	0	2.1	0	0.25	1	0.8	1	0	0		0	0
j3046_10.rcp	32	4	2027817792	0	2.1	0	1	1	0.93	1	0	0		0	0
j3046_1.rcp	32	4	749139984	0	2.1	0	1	1	0.87	1	0	0		0	0
j3046_2.rcp	32	4	1937695643	0	2.1	0	1	1	0.83	1	0	0		0	0
j3046_3.rcp	32	4	2069066130	0	2.1	0	1	1	0.83	1	0	0		0	0
j3046_4.rcp	32	4	1940943060	0	2.1	0	1	1	0.87	1	0	0		0	0
j3046_5.rcp	32	4	1969971129	0	2.1	0	1	1	0.83	1	0	0		0	0
j3046_6.rcp	32	4	2106783165	0	2.1	0	1	1	0.8	1	0	0		0	0
j3046_7.rcp	32	4	401628344	0	2.1	0	1	1	0.9	1	0	0		0	0
j3046_8.rcp	32	4	1824145632	0	2.1	0	1	1	0.93	1	0	0		0	0
j3046_9.rcp	32	4	2122477064	0	2.1	0	1	1	0.73	1	0	0		0	0
j304_6.rcp	32	4	1727485984	0	2.1	0	0.25	1	0.9	1	0	0		0	0
j3047_10.rcp	32	4	2094112475	0	2.1	0	1	1	0.93	1	0	0		0	0
j3047_1.rcp	32	4	2070827484	0	2.1	0	1	1	0.73	1	0	0		0	0
j3047_2.rcp	32	4	1974022679	0	2.1	0	1	1	0.87	1	0	0		0	0
j3047_3.rcp	32	4	1821325176	0	2.1	0	1	1	0.87	1	0	0		0	0
j3047_4.rcp	32	4	1975561308	0	2.1	0	1	1	0.97	1	0	0		0	0
j3047_5.rcp	32	4	828433361	0	2.1	0	1	1	0.83	1	0	0		0	0
j3047_6.rcp	32	4	2034293184	0	2.1	0	1	1	0.73	1	0	0		0	0
j3047_7.rcp	32	4	1812720531	0	2.1	0	1	1	0.93	1	0	0		0	0
j3047_8.rcp	32	4	799758489	0	2.1	0	1	1	0.8	1	0	0		0	0
j3047_9.rcp	32	4	1828149264	0	2.1	0	1	1	0.9	1	0	0		0	0
j304_7.rcp	32	4	1588269816	0	2.1	0	0.25	1	0.8	1	0	0		0	0
j3048_10.rcp	32	4	1992876332	0	2.1	0	1	1	0.83	1	0	0		0	0
j3048_1.rcp	32	4	1999798430	0	2.1	0	1	1	0.93	1	0	0		0	0
j3048_2.rcp	32	4	624332370	0	2.1	0	1	1	0.8	1	0	0		0	0
j3048_3.rcp	32	4	1866984832	0	2.1	0	1	1	0.83	1	0	0		0	0
j3048_4.rcp	32	4	2007705260	0	2.1	0	1	1	0.83	1	0	0		0	0
j3048_5.rcp	32	4	2027645701	0	2.1	0	1	1	0.97	1	0	0		0	0
j3048_6.rcp	32	4	742390714	0	2.1	0	1	1	0.83	1	0	0		0	0
j3048_7.rcp	32	4	2044182926	0	2.1	0	1	1	0.9	1	0	0		0	0
j3048_8.rcp	32	4	391078539	0	2.1	0	1	1	0.73	1	0	0		0	0
j3048_9.rcp	32	4	719414262	0	2.1	0	1	1	0.87	1	0	0		0	0
j304_8.rcp	32	4	1996980492	0	2.1	0	0.25	1	0.8	1	0	0		0	0
j304_9.rcp	32	4	2101075256	0	2.1	0	0.25	1	0.7	1	0	0		0	0
j305_10.rcp	32	4	362797080	0	2.1	0	0.51	1	0.9	1	0	0		0	0
j305_1.rcp	32	4	1771450128	0	2.1	0	0.51	1	0.9	1	0	0		0	0
j305_2.rcp	32	4	2057525730	0	2.1	0	0.51	1	0.83	1	0	0		0	0
j305_3.rcp	32	4	681412086	0	2.1	0	0.51	1	0.8	1	0	0		0	0
j305_4.rcp	32	4	1704524034	0	2.1	0	0.51	1	0.87	1	0	0		0	0
j305_5.rcp	32	4	1675203273	0	2.1	0	0.51	1	0.87	1	0	0		0	0
j305_6.rcp	32	4	2127002728	0	2.1	0	0.51	1	0.87	1	0	0		0	0
j305_7.rcp	32	4	1875017460	0	2.1	0	0.51	1	0.73	1	0	0		0	0
j305_8.rcp	32	4	1817811597	0	2.1	0	0.51	1	0.83	1	0	0		0	0
j305_9.rcp	32	4	2137057632	0	2.1	0	0.51	1	0.8	1	0	0		0	0
j306_10.rcp	32	4	1740119973	0	2.1	0	0.51	1	0.83	1	0	0		0	0
j306_1.rcp	32	4	2017778688	0	2.1	0	0.51	1	0.87	1	0	0		0	0
j306_2.rcp	32	4	1697994697	0	2.1	0	0.51	1	0.9	1	0	0		0	0
j306_3.rcp	32	4	640949670	0	2.1	0	0.51	1	0.7	1	0	0		0	0
j306_4.rcp	32	4	2011760064	0	2.1	0	0.51	1	0.77	1	0	0		0	0
j306_5.rcp	32	4	1663378056	0	2.1	0	0.51	1	0.8	1	0	0		0	0
j306_6.rcp	32	4	2022780564	0	2.1	0	0.51	1	0.83	1	0	0		0	0
j306_7.rcp	32	4	818328351	0	2.1	0	0.51	1	0.83	1	0	0		0	0
j306_8.rcp	32	4	668751710	0	2.1	0	0.51	1	0.9	1	0	0		0	0
j306_9.rcp	32	4	2005713441	0	2.1	0	0.51	1	0.9	1	0	0		0	0
j307_10.rcp	32	4	2059881480	0	2.1	0	0.51	1	0.77	1	0	0		0	0
j307_1.rcp	32	4	2025280968	0	2.1	0	0.51	1	0.83	1	0	0		0	0
j307_2.rcp	32	4	1966725360	0	2.1	0	0.51	1	0.83	1	0	0		0	0
j307_3.rcp	32	4	1683740484	0	2.1	0	0.51	1	0.93	1	0	0		0	0
j307_4.rcp	32	4	665801515	0	2.1	0	0.51	1	0.77	1	0	0		0	0
j307_5.rcp	32	4	1837593864	0	2.1	0	0.51	1	0.83	1	0	0		0	0
j307_6.rcp	32	4	665143500	0	2.1	0	0.51	1	0.83	1	0	0		0	0
j307_7.rcp	32	4	1717967368	0	2.1	0	0.51	1	0.83	1	0	0		0	0
j307_8.rcp	32	4	844794318	0	2.1	0	0.51	1	0.83	1	0	0		0	0
j307_9.rcp	32	4	1815524928	0	2.1	0	0.51	1	0.97	1	0	0		0	0
j308_10.rcp	32	4	1600954047	0	2.1	0	0.51	1	0.77	1	0	0		0	0
j308_1.rcp	32	4	843503799	0	2.1	0	0.51	1	0.7	1	0	0		0	0
j308_2.rcp	32	4	729434160	0	2.1	0	0.51	1	0.83	1	0	0		0	0
j308_3.rcp	32	4	1713693500	0	2.1	0	0.51	1	0.87	1	0	0		0	0
j308_4.rcp	32	4	1749489444	0	2.1	0	0.51	1	0.8	1	0	0		0	0
j308_5.rcp	32	4	383515128	0	2.1	0	0.51	1	0.8	1	0	0		0	0
j308_6.rcp	32	4	1820423850	0	2.1	0	0.51	1	0.77	1	0	0		0	0
j308_7.rcp	32	4	2091985056	0	2.1	0	0.51	1	0.93	1	0	0		0	0
j308_8.rcp	32	4	423271008	0	2.1	0	0.51	1	0.9	1	0	0		0	0
j308_9.rcp	32	4	811814916	0	2.1	0	0.51	1	0.83	1	0	0		0	0
j309_10.rcp	32	4	1959492222	0	2.1	0	0.76	1	0.77	1	0	0		0	0
j309_1.rcp	32	4	756962496	0	2.1	0	0.76	1	0.87	1	0	0		0	0
j309_2.rcp	32	4	822246159	0	2.1	0	0.76	1	0.9	1	0	0		0	0
j309_3.rcp	32	4	1942869888	0	2.1	0	0.76	1	0.9	1	0	0		0	0
j309_4.rcp	32	4	2104233429	0	2.1	0	0.76	1	0.77	1	0	0		0	0
j309_5.rcp	32	4	1861742577	0	2.1	0	0.76	1	0.83	1	0	0		0	0
j309_6.rcp	32	4	765905108	0	2.1	0	0.76	1	0.9	1	0	0		0	0
j309_7.rcp	32	4	1796256224	0	2.1	0	0.76	1	0.87	1	0	0		0	0
j309_8.rcp	32	4	1711622112	0	2.1	0	0.76	1	0.87	1	0	0		0	0
j309_9.rcp	32	4	801989679	0	2.1	0	0.76	1	0.9	1	0	0		0	0
